#HE  sipm map    created by Arjan and Vitaly   
#i  cr    sl   tb   dcc  sp  fiber fibch subdt ieta iphi depth
0    1    15    t    0    4    5    0    HB    17    13    1
0    1    15    t    0    4    5    1    HB    17    13    2
0    1    15    t    0    4    5    2    HB    17    13    3
0    1    15    t    0    4    6    0    HB    18    13    1
0    1    15    t    0    4    6    1    HB    18    13    2
0    1    15    t    0    4    6    2    HB    18    13    0
0    1    15    t    0    4    7    0    HB    17    14    1
0    1    15    t    0    4    7    1    HB    17    14    2
0    1    15    t    0    4    7    2    HB    17    14    3
0    1    15    t    0    4    8    0    HB    18    14    1
0    1    15    t    0    4    8    1    HB    18    14    2
0    1    15    t    0    4    8    2    HB    18    14    0
0    1    15    b    0    5    5    0    HB    17    15    1
0    1    15    b    0    5    5    1    HB    17    15    2
0    1    15    b    0    5    5    2    HB    17    15    3
0    1    15    b    0    5    6    0    HB    18    15    1
0    1    15    b    0    5    6    1    HB    18    15    2
0    1    15    b    0    5    6    2    HB    18    15    0
0    1    15    b    0    5    7    0    HB    17    16    1
0    1    15    b    0    5    7    1    HB    17    16    2
0    1    15    b    0    5    7    2    HB    17    16    3
0    1    15    b    0    5    8    0    HB    18    16    1
0    1    15    b    0    5    8    1    HB    18    16    2
0    1    15    b    0    5    8    2    HB    18    16    0
0    1    16    t    0    6    1    0    HB    18    13    3
0    1    16    t    0    6    1    1    HB    18    13    4
0    1    16    t    0    6    1    2    HB    19    13    0
0    1    16    t    0    6    2    0    HB    19    13    2
0    1    16    t    0    6    2    1    HB    19    13    3
0    1    16    t    0    6    2    2    HB    19    13    1
0    1    16    t    0    6    3    0    HB    18    14    3
0    1    16    t    0    6    3    1    HB    18    14    4
0    1    16    t    0    6    3    2    HB    19    14    0
0    1    16    t    0    6    4    0    HB    19    14    2
0    1    16    t    0    6    4    1    HB    19    14    3
0    1    16    t    0    6    4    2    HB    19    14    1
0    1    16    t    0    6    5    0    HB    19    13    4
0    1    16    t    0    6    5    1    HB    20    13    0
0    1    16    t    0    6    5    2    HB    20    13    1
0    1    16    t    0    6    6    0    HB    20    13    3
0    1    16    t    0    6    6    1    HB    20    13    4
0    1    16    t    0    6    6    2    HB    20    13    2
0    1    16    t    0    6    7    0    HB    19    14    4
0    1    16    t    0    6    7    1    HB    20    14    0
0    1    16    t    0    6    7    2    HB    20    14    1
0    1    16    t    0    6    8    0    HB    20    14    3
0    1    16    t    0    6    8    1    HB    20    14    4
0    1    16    t    0    6    8    2    HB    20    14    2
0    1    16    b    0    7    1    0    HB    18    15    3
0    1    16    b    0    7    1    1    HB    18    15    4
0    1    16    b    0    7    1    2    HB    19    15    0
0    1    16    b    0    7    2    0    HB    19    15    2
0    1    16    b    0    7    2    1    HB    19    15    3
0    1    16    b    0    7    2    2    HB    19    15    1
0    1    16    b    0    7    3    0    HB    18    16    3
0    1    16    b    0    7    3    1    HB    18    16    4
0    1    16    b    0    7    3    2    HB    19    16    0
0    1    16    b    0    7    4    0    HB    19    16    2
0    1    16    b    0    7    4    1    HB    19    16    3
0    1    16    b    0    7    4    2    HB    19    16    1
0    1    16    b    0    7    5    0    HB    19    15    4
0    1    16    b    0    7    5    1    HB    20    15    0
0    1    16    b    0    7    5    2    HB    20    15    1    
0    1    16    b    0    7    6    0    HB    20    15    3    
0    1    16    b    0    7    6    1    HB    20    15    4    
0    1    16    b    0    7    6    2    HB    20    15    2    
0    1    16    b    0    7    7    0    HB    19    16    4    
0    1    16    b    0    7    7    1    HB    20    16    0    
0    1    16    b    0    7    7    2    HB    20    16    1    
0    1    16    b    0    7    8    0    HB    20    16    3    
0    1    16    b    0    7    8    1    HB    20    16    4    
0    1    16    b    0    7    8    2    HB    20    16    2
